4

2
one
two
1 2
1 2

3
John Doe
Jane Smith
Sirhan Sirhan
1 2 3
2 1 3
2 3 1
1 2 3
3 1 2

3
Ian
Jake
Fayz
1 2 3
2 1 3

13
Candidate1
Candidate2
Candidate3
Candidate4
Candidate5
Candidate6
Candidate7
Candidate8
Candidate9
Candidate10
Candidate11
Candidate12
Candidate13
2 11 13 12 9 4 3 10 7 6 1 5 8 
4 5 12 3 2 7 6 13 11 8 10 1 9 
9 12 13 5 6 8 4 2 11 3 7 1 10 
9 5 11 3 4 1 10 2 12 6 8 7 13 
9 7 13 11 2 1 8 4 10 3 5 6 12 
6 10 3 1 7 9 11 13 2 12 5 8 4 
13 5 2 8 12 7 1 6 9 4 10 3 11 
5 1 2 12 4 7 8 11 9 10 3 13 6 
12 3 8 5 4 2 7 1 13 11 10 6 9 
4 5 12 7 3 2 8 13 11 10 6 9 1 
12 13 8 11 6 5 9 10 4 1 2 3 7 
7 11 2 9 4 10 8 1 6 13 12 5 3 
3 11 12 9 7 4 13 8 10 2 6 1 5 
13 9 4 1 10 11 5 8 6 7 3 2 12 
13 11 5 1 4 3 12 6 8 9 2 10 7 
2 1 11 3 12 9 6 13 5 4 7 10 8 
7 12 2 6 4 3 9 11 13 5 1 10 8 
9 6 1 5 10 3 12 8 11 13 2 7 4 
9 11 2 13 7 10 6 1 12 4 5 8 3 
11 12 8 9 5 2 6 10 13 3 4 7 1 
3 4 10 2 6 8 13 12 11 9 5 7 1 
1 7 10 6 13 4 12 3 5 2 9 11 8 
10 5 2 1 7 11 4 3 9 13 6 12 8 
7 1 2 11 12 4 8 9 5 13 6 3 10 
4 7 10 13 3 12 8 5 2 11 9 1 6 
6 11 3 8 12 10 2 13 1 5 9 4 7 
12 10 8 5 3 2 7 13 6 11 9 4 1 
7 8 6 10 3 2 9 4 12 5 13 11 1 
5 8 2 10 4 13 12 6 1 3 11 9 7 
12 2 8 6 7 10 5 1 11 4 13 9 3 
7 10 13 8 2 9 12 5 1 3 11 6 4 
12 4 9 3 2 7 1 8 13 5 11 6 10 
11 9 12 1 4 6 7 2 10 8 5 3 13 
11 7 12 3 2 5 10 6 4 1 9 13 8 
5 4 10 12 7 8 11 1 13 9 2 6 3 
5 9 6 13 7 10 3 2 11 12 1 4 8 
10 1 3 12 9 5 13 2 8 11 4 7 6 
1 4 10 9 12 8 5 2 11 6 3 13 7 
4 7 1 11 9 13 8 12 5 6 3 10 2 
1 4 3 2 8 11 5 9 7 10 6 12 13 
9 6 1 8 7 3 11 12 5 13 2 4 10 
1 12 9 10 13 5 11 2 6 8 4 3 7 
7 4 3 5 11 6 13 10 8 12 2 1 9 
12 7 8 5 6 9 3 1 2 4 11 13 10 
2 1 9 6 10 3 4 11 5 13 8 12 7 
5 11 3 12 8 13 2 7 6 10 1 9 4 
4 11 5 12 1 10 9 8 7 3 2 6 13 
4 9 3 11 13 2 10 8 6 5 7 1 12 
13 4 7 8 11 6 12 9 5 2 3 10 1 
5 8 2 1 6 11 13 10 7 9 12 4 3 
10 12 13 11 9 6 2 8 4 1 5 3 7 